TILEMAP
160 15						-- Size of tile map in tiles
16 32  							-- Tile size & block size
images/blocks.png 	-- Tilesheet
2 2 								-- Number of tiles in tilesheet
3333333333333333333333333333333333333333333333333333333333333333333333333333333333333333333333333333333333333333333333333333333333333333333333333333333333333333
3333333333333333333333333333333333333333333333333333333333333333333333333333333333333333333333333333333333333333333333333333333333333333333333333333333333333333
                                                                                                                                                                
          222222222222222                                                                                                                                       
                                                                                          22222222222222                                                        
                                                                                                                                                                
                                                                                                                                                                
                                                                                                                                                                
            2           4 4 4 4 4 4 4                                                       2           4 4 4 4 4 4 4                                           
           2 2                                                                             2 2                                                                  
          2 2 2                                                                           2 2 2                                                                 
         2 2 2 2                           111                                           2 2 2 2                           111                                  
        2 2 2 2 2       4 4 4 4 4 4 4         1111        44444444                      2 2 2 2 2       4 4 4 4 4 4 4         1111        44444444              
3333333333333333333333333333333333333333333333333333333333333333333333333333333333333333333333333333333333333333333333333333333333333333333333333333333333333333
3333333333333333333333333333333333333333333333333333333333333333333333333333333333333333333333333333333333333333333333333333333333333333333333333333333333333333